#GroupID Nmem l b delta_l delta_b Ks1 Ks3 KsF radius
    0    5 294.78282  -2.22907  11.83767   4.94545  13.90285  14.97910  15.29452 455.20831 294.71193  -2.16731 750.41057
    1    4 295.17009  -2.21335  10.83543   3.70028  14.59361  15.05484  15.32695 389.95247 295.12854  -2.17757 572.88011
    2    4 295.54621  -1.96590   9.44893   0.86926  13.02296  14.43184  14.88151 352.31709 295.49552  -1.97343 536.35146
    3    4 298.35682  -1.89972   5.84894   4.84860  13.84887  14.86646  15.29486 251.73294 298.37631  -1.90670 325.86945
    4    6 298.83781  -1.53729   8.75963   8.10843  13.84253  14.10756  14.72561 456.74101 298.85631  -1.54454 525.22180
    5   57 299.23177  -1.06025  48.42135  34.58167  12.61790  13.43905  15.52486 1640.82981 299.06961  -1.27345 2584.49645
    6    9 298.99366  -0.90717   7.09633  14.36893  14.05708  14.53545  15.47244 491.17559 299.00290  -0.87761 485.38213
    7    3 298.78580  -0.98945   3.47105   4.28700  14.99112  15.26649  15.26649 172.96801 298.80688  -1.00882 234.04443
    8    4 298.83523  -1.89228   2.82659   4.29684  14.12635  14.97035  15.79867 164.41285 298.85797  -1.90317 225.89572
    9   19 298.82398  -2.10357  18.41150  14.67580  13.99483  14.42129  15.55924 723.54780 298.86001  -2.17946 988.13057
   10   10 299.14570  -2.14188  12.08738  12.56688  14.07495  14.24760  15.53250 541.35048 299.19309  -2.15213 575.18783
   11    5 299.44293  -1.75487   6.03259   5.17930  14.33463  14.96856  15.08483 264.70695 299.47146  -1.74854 355.81455
   12    5 299.82855  -1.65651   3.98939   9.75715  13.38911  14.81534  15.54314 407.11315 299.79944  -1.71239 632.43608
   13    3 299.64852  -2.09506   4.80131   6.29266  13.84608  14.60826  14.60826 236.56168 299.65931  -2.15988 428.27922
   14    7 300.17439  -2.02600   6.00063  12.09574  14.14063  14.31148  15.47128 407.87331 300.14571  -1.98542 548.85857
   15    5 300.13742  -1.76814   7.11156   5.97889  14.45831  14.95389  15.47339 279.56862 300.12776  -1.73841 317.95744
   16   17 300.56519  -1.61451  10.97658  26.52639  13.22243  13.57777  15.21509 821.27147 300.53158  -1.38887 1621.49732
   17    5 300.45184  -1.19475  11.11221   6.21156  12.63134  13.06837  14.75548 402.65934 300.45336  -1.20784 379.66141
   18    8 300.27556  -1.05457   6.35093   9.79794  14.11114  14.14696  15.09240 343.84964 300.21857  -1.03182 523.31353
   19   10 300.74537  -1.08922  14.44735  11.30601  13.38068  14.35246  15.31019 573.21822 300.90035  -1.05261 970.84929
   20    5 300.55085  -1.02269   1.47309   5.57775  14.52631  14.69690  15.17718 179.13699 300.53801  -0.97461 337.71272
   21    6 300.97368  -1.48781   3.97043  10.91640  13.07241  14.64826  15.04302 350.95925 300.99140  -1.39878 656.35892
   22    4 301.14715  -1.75334   5.42300   6.51506  12.65866  13.85017  14.28076 275.00790 301.19326  -1.71611 473.18141
   23    4 301.21878  -2.17559   3.47250   2.59863  13.39261  14.75397  15.19773 142.10118 301.19519  -2.17426 221.41500
   24    7 298.49166  -1.01420   5.00062   9.34228  13.71990  14.63034  15.30108 300.64475 298.54585  -1.06097 524.47092
   25    7 298.26602  -1.05288  13.20953   7.64356  13.23384  13.75332  15.17110 478.56931 298.31813  -1.02549 690.48217
   26   13 297.92389  -1.11380  14.67577  11.24824  12.83498  13.87097  15.38139 524.10902 297.94929  -1.16393 724.92519
   27   20 298.48589  -0.64452  16.07411  16.81586  13.99531  14.19053  15.59597 694.97916 298.43081  -0.62706 884.64763
   28    4 301.19690  -1.10704   1.53312   4.58108  13.75705  13.87766  14.78043 168.08945 301.21013  -1.13423 275.81493
   29    2 300.56211  -2.23725   4.65564   1.62877  13.81195   0.00000  14.51017 147.86985 300.60091  -2.22368 295.73847
   30    2 302.03427  -1.66750   0.20939   1.58742  14.07877   0.00000  15.10321  48.03476 302.03601  -1.65428  96.06951
   31    3 302.25039  -1.84993   2.22628   6.53874  14.33095  15.68726  15.68726 215.33955 302.26048  -1.79097 392.51765
   32    9 302.43627  -1.88497  11.12189  16.16284  14.44470  15.03365  15.47839 596.26921 302.41775  -1.95054 726.07761
   33   10 302.11942  -2.14605  13.37392  10.31853  14.44895  14.97760  15.65341 524.20171 302.16034  -2.15830 666.84753
   34    3 303.10433  -1.81725   4.32845   5.93254  14.52247  15.25857  15.25857 224.04329 303.10593  -1.75504 376.00161
   35    3 303.24244  -1.59097   4.14001   4.23106  12.78927  14.45370  14.45370 210.50253 303.21818  -1.62382 355.10900
   36    3 302.62796  -1.19843   3.01896   5.40019  13.35343  14.01150  14.01150 210.49761 302.63976  -1.15797 358.87077
   37   33 303.60601  -1.85417  20.88967  36.32318  12.96827  13.58439  15.51590 1257.78590 303.66456  -1.89507 1476.41468
   38   10 303.36930  -2.12216  17.77401   8.90407  13.57028  14.72589  15.45330 625.14007 303.47082  -2.12712 990.55552
   39    6 303.47522  -1.22279   5.25518   8.67905  12.89817  13.13278  14.73482 302.58835 303.50485  -1.15234 555.84331
   40   12 304.59347  -1.61513  10.47276  24.97956  13.18321  13.39384  15.51054 846.91842 304.48877  -1.53838 1253.73702
   41   14 305.16122  -1.99989  12.56423  23.76405  13.18680  13.79744  15.67412 786.72635 305.22162  -1.86967 1261.27659
   42    4 305.38567  -2.04809   6.88505   4.09053  14.54110  14.94460  15.04074 255.80438 305.33458  -2.03894 438.18817
   43   11 305.45414  -1.73891  11.99713   7.03960  13.69357  14.18368  15.35611 440.17181 305.39960  -1.74495 611.11931
   44    4 305.56390  -2.19796   3.79532   5.65135  13.82334  14.63044  14.80630 209.28371 305.55865  -2.24111 359.37040
   45    3 305.90373  -1.62812   6.22174   4.25435  13.82690  14.96484  14.96484 245.18415 305.95701  -1.60739 443.43067
   46    4 305.81391  -1.94945   5.63817   2.21962  14.31062  15.28084  15.42060 212.70519 305.75873  -1.92824 347.36621
   47    8 306.02206  -1.92492   8.97316  10.54154  13.18816  13.90361  14.95591 410.93305 305.99349  -1.90026 471.14687
   48    4 306.08568  -2.18995   6.96220   4.57167  12.80444  13.36160  14.66784 264.42823 306.03552  -2.14635 499.48673
   49    7 306.39166  -2.00295   7.99462   4.32141  13.65869  14.10753  14.83368 279.00151 306.34673  -1.97434 407.58747
   50   16 306.64719  -1.92157  11.99016  19.86405  13.41635  13.51128  15.03888 645.93410 306.59525  -1.94653 790.70820
   51    2 306.99929  -2.07258   3.90046   3.08191  13.63164   0.00000  13.82194 149.07336 306.96678  -2.09826 298.14523
   52    2 305.78326  -1.33411   2.48506   3.49188  14.22014   0.00000  14.24543 128.56487 305.80397  -1.30501 257.12922
   53    9 305.92848  -1.16779  12.53112  13.13532  13.76116  13.84627  14.62458 505.36740 305.94876  -1.24497 784.92373
   54    6 305.58708  -1.17960  12.42958   2.43205  13.44625  13.74238  14.27144 382.63382 305.69260  -1.16664 750.27264
   55    2 305.33988  -1.42363   1.72317   0.66089  12.88217   0.00000  13.75270  55.35180 305.32552  -1.42914 110.70349
   56    5 306.16521  -0.73794   6.55304   4.83602  13.36042  13.57564  14.47153 266.55045 306.22439  -0.69343 417.93099
   57    6 306.29708  -0.99907   6.08007   8.73127  13.70461  13.89620  14.50660 323.89190 306.27296  -1.00295 373.03692
   58    7 307.41105  -1.91709   4.33659   8.42418  12.81927  13.72925  14.66882 305.73473 307.36752  -1.96676 528.98142
   59    3 306.79873  -1.14902   2.57962   8.09166  13.77610  15.10327  15.10327 272.95772 306.81511  -1.22306 485.99924
   60    7 306.84229  -0.91322   6.72086  12.02846  11.42832  13.07831  14.85178 434.66240 306.83485  -0.83371 719.30142
   61    9 307.07828  -0.95841  11.07027  16.47394  12.37321  13.69941  14.70355 579.41710 307.09079  -1.02070 793.07632
   62    5 299.45315  -0.46622   4.82586   6.37070  13.60936  14.12946  15.08163 248.18907 299.43296  -0.45368 315.58337
   63   10 297.81190  -0.69268  15.48618   9.22825  13.63714  14.32328  15.47554 536.33211 297.81321  -0.69692 537.35954
   64   11 297.80431  -0.20445   9.27523   7.33133  12.37666  13.54430  15.25026 342.12523 297.71420  -0.23467 624.61785
   65    2 297.83540   0.06274   2.25524   5.49107  13.01915   0.00000  13.25533 178.08476 297.81661   0.01698 356.16949
   66    3 297.86473   0.29047   4.61840   4.48744  12.39639  14.81474  14.81474 216.81346 297.82097   0.24908 332.71638
   67   16 298.05030   1.05440  20.97574  20.85311  13.50272  13.96942  15.28119 732.52559 298.18326   1.12125 1137.15880
   68    6 298.23358   1.30004  10.45362   5.35672  14.02417  15.12594  15.55765 421.99117 298.23119   1.34264 466.04407
   69   19 298.60974   1.15217  25.76139  18.54429  13.68832  14.05471  15.63234 923.24700 298.43576   1.28965 1651.16618
   70    3 297.87573   1.38033   0.80990   4.53967  13.83989  15.01989  15.01989 158.61584 297.88433   1.41208 275.94063
   71    2 298.89175   0.83087   3.88200   0.70017  13.02878   0.00000  14.80380 118.32708 298.92410   0.83671 236.65398
   72    4 298.68339   1.31025   4.69537   3.60316  12.85423  14.87572  15.19597 165.16600 298.67077   1.27800 279.27963
   73    8 298.73244   1.49163  18.48937   6.11935  11.28596  13.97920  15.07784 672.90264 298.61121   1.52531 1113.92356
   74   32 299.18632   1.11318  21.84609  34.37458  12.98122  13.66370  15.69898 1129.82657 299.04042   1.30993 1832.96383
   75    9 299.56107   1.09978  10.60053  12.89990  13.30826  14.51308  15.36110 440.25914 299.58395   1.09804 468.03970
   76    6 298.39642   0.75075   4.98440  10.26229  13.26399  13.64840  14.87850 356.01164 298.38986   0.82362 616.05056
   77    4 297.71258   1.06901   3.40339   7.13960  14.08273  15.20794  15.32142 248.87043 297.73377   1.05789 250.38228
   78    3 298.31151   0.28459   5.36802   3.77712  12.71176  15.12950  15.12950 196.33091 298.35167   0.30093 323.05064
   79   31 300.51125   1.80876  35.42942  24.98259  11.94582  12.46909  15.37571 1151.69203 300.32268   1.64423 1853.39296
   80    7 300.02469   1.74861   9.34596   7.79954  12.28808  13.12811  15.43631 408.51443 300.10549   1.82832 730.17097
   81    7 300.14501   2.07272   7.12560   8.22217  13.63018  15.01046  15.48569 296.08139 300.06448   2.06231 430.98328
   82   17 299.85800   2.06086  16.25824  14.39402  13.08303  13.95243  15.58146 602.37458 299.92956   2.08704 757.02672
   83   13 299.25973   1.90552  18.01967  24.84978  14.11274  14.58600  15.83023 943.06921 299.38131   2.13760 1625.08428
   84   15 298.98073   2.10758  16.90986  11.11680  12.81669  13.83640  15.55400 643.58237 298.93653   2.20668 903.21010
   85   18 300.68402   1.24742  19.16983  32.19412  11.87919  13.46667  15.26233 989.75795 300.68899   1.18191 1224.14395
   86    5 301.63001   2.18215   5.54586   6.78042  12.59672  14.54059  14.67842 303.21549 301.67822   2.11307 498.99250
   87   10 302.00176   1.74390   6.20983  25.38496  12.64711  14.97762  15.33127 767.55917 301.99474   1.53391 1523.09772
   88    3 302.49871   1.52970   4.34156   2.00516  13.03779  14.43754  14.43754 150.73322 302.46197   1.51831 286.84955
   89    4 302.62504   1.68204   6.94734   5.28735  13.56754  14.72229  14.93317 250.15908 302.56118   1.70950 491.99652
   90    7 302.92803   1.74941  14.61089   1.53753  12.96480  13.65612  14.56238 451.23476 303.00747   1.73166 717.56701
   91    2 302.88377   2.13855   4.14133   3.77068  14.82956   0.00000  15.04542 167.96009 302.91829   2.10712 335.91830
   92    5 302.55853   2.08835   6.54838   7.56649  13.52021  15.18236  15.31304 318.79925 302.59568   2.12409 449.45699
   93    4 303.10160   2.12557   3.43933  11.08536  13.21868  15.07083  15.11552 393.84556 303.10294   2.09343 417.53011
   94    4 303.45474   2.17585   9.04426   5.29795  12.34988  14.75422  15.37562 346.48969 303.45910   2.17135 354.42410
   95    3 304.17543   2.13973   3.52363   1.34075  13.05553  14.85958  14.85958 137.00034 304.15948   2.14711 191.70928
   96    4 304.27183   1.93804   4.02073   3.77812  12.44056  14.57545  14.85414 144.31192 304.30607   1.93080 264.65379
   97    6 304.94307   1.65654   4.76313  14.26799  13.82524  14.76606  15.29724 486.59823 304.92008   1.54473 894.39092
   98   14 305.05486   1.94110  21.29272  16.39344  12.45967  13.24963  15.07008 808.99947 305.11327   2.05005 1051.04464
   99   39 304.89131   1.15639  28.62288  29.38816  12.92873  13.41237  15.18150 1163.02658 304.97443   1.04481 1491.21241
  100    5 305.08782   1.49682   2.56569   4.51605  13.04086  14.05754  14.91584 179.62128 305.07678   1.51129 228.78983
  101   38 305.37538   1.00122  17.33495  34.88210  13.18846  13.43084  15.34703 1095.72912 305.33731   1.30238 2167.82300
  102    2 305.26071   2.16928   4.86543   1.85199  14.34698   0.00000  14.82012 156.08242 305.22016   2.18471 312.16344
  103    8 305.41779   1.86469  15.01488   4.60352  13.64030  14.37728  15.39958 525.74304 305.42519   1.82136 558.31265
  104    8 305.69772   1.09948  11.95475   8.18028  12.83395  14.24906  15.16720 417.44874 305.76777   1.07320 648.62840
  105   18 305.81664   2.01936  10.85554  26.34583  13.71581  13.82586  15.12802 1063.56456 305.82824   1.72415 1583.70786
  106    8 305.58423   2.14588  10.42284   8.05740  13.97771  14.60049  15.51479 380.68148 305.63803   2.14746 552.97592
  107    6 306.09751   0.85737   7.97422   7.91120  13.48227  14.32713  14.75287 343.84868 306.00534   0.88248 563.40352
  108    4 307.27438   1.82933  13.93508   2.43665  14.83470  15.36158  15.63919 425.22157 307.38965   1.82127 836.26306
  109    5 307.46631   1.99378   5.18214   6.67651  13.59876  14.40337  14.98073 263.36987 307.47907   1.92174 461.26227
  110   13 306.48939   1.06034  15.90318   9.58468  12.57917  13.77686  14.61390 570.48120 306.63679   1.11856 1098.07914
  111   20 307.43103   1.12827  24.72963  17.40623  12.43702  13.11900  15.29351 841.70294 307.36121   1.13128 940.58860
  112    9 307.79660   1.09981  12.59073   5.71216  12.02522  12.95780  15.04325 539.25507 307.73316   1.03537 764.41081
  113   13 307.91660   0.83793  13.31964  19.02808  12.74588  14.28996  15.16489 751.59192 307.86724   0.94145 1157.70728
  114    4 308.09656   0.81755   1.14879   5.15510  13.45645  14.36428  14.73992 163.91464 308.09736   0.77202 309.65882
  115    5 307.82725   0.61375   5.22960   7.58523  13.82865  14.41909  15.15912 284.22979 307.83427   0.60659 266.27284
  116   11 308.46026   1.55738  11.69501  15.47831  13.66076  13.89657  15.08921 532.58677 308.50424   1.61043 737.48633
  117    1 308.42302   1.91690   0.00000   0.00000  15.16597   0.00000  15.16597   0.00000 308.42302   1.91690   0.00000
  118    7 308.80244   1.45606   7.12441  13.58208  14.30816  14.52571  15.29871 496.59115 308.78246   1.43929 544.59342
  119    3 308.76091   1.20734   0.82550   5.05252  13.28499  14.54171  14.54171 160.78902 308.75457   1.20224 180.07421
  120    4 309.16573   1.59110   6.44078   8.03248  12.22255  14.53035  14.64938 323.78247 309.18425   1.56890 338.96511
  121    5 308.89618   1.84946   2.02759   2.43758  11.56157  13.64470  15.31399  84.46109 308.88971   1.83174 146.34229
  122    2 309.06646   1.80176   5.81430   0.05327  14.44864   0.00000  14.89109 174.34999 309.11492   1.80132 348.69993
  123    5 308.61459   1.94022   4.26670   7.70898  13.00384  14.87289  15.23936 249.01142 308.65353   1.95899 311.85107
  124    3 308.02017   1.73551   1.45020   6.64105  14.14892  14.96770  14.96770 233.34112 308.02055   1.68854 400.61235
  125    9 307.86323   2.11926   8.51136  12.00877  12.89174  13.84626  15.60514 442.19490 307.82533   2.07573 649.85235
  126    5 309.39834   1.85466   7.39188   6.14890  11.07693  13.92455  14.75577 312.41818 309.40473   1.88223 394.85845
  127    7 309.70864   1.77191   9.82883   7.62157   9.95726  13.54005  14.52562 438.81189 309.72137   1.73154 578.54960
  128    9 310.20751   2.00715   8.92449  11.22055  11.65677  13.57711  14.93781 441.80302 310.22593   1.93976 666.25045
  129    4 309.97055   2.17401   5.64163   4.79990  12.61570  13.85437  13.97259 209.84249 309.93256   2.20581 342.89128
  130    8 310.66794   2.05822  13.30257  12.01578  13.15826  14.66027  15.48624 454.91644 310.55066   2.02656 820.06212
  131    3 298.64335   2.18510   0.21828   5.14623  15.01068  15.67537  15.67537 204.11064 298.64232   2.21422 309.00985
  132   11 297.62203   2.00516   9.78246  16.09583  13.79288  14.04126  15.50433 579.24543 297.62416   2.05629 667.59880
  133    4 297.16641   2.19399   1.80390   5.99183  14.09874  14.95055  15.17973 245.04238 297.15072   2.12775 367.69159
  134    5 296.89663   2.11229   9.79880   9.07339  14.03457  14.60018  15.12588 408.34695 296.81063   2.11897 670.48132
  135    3 297.09786   1.63131   2.64008   2.07794  14.20795  15.31267  15.31267 108.02700 297.10531   1.63502 126.68041
  136    3 297.00614   1.22471   6.09593   1.20395  14.67524  15.40744  15.40744 210.59349 297.04967   1.21905 365.71521
  137    5 296.82759   0.81775   7.05504   6.38285  13.36110  14.31727  15.38817 312.06803 296.77216   0.81222 480.93566
  138    6 296.47961   1.09759   8.24691   8.29727  13.81213  14.16344  15.27879 410.14201 296.44781   1.11879 377.06492
  139    4 296.35895   1.34166   6.77900   3.78555  13.44894  15.04828  15.50959 301.82331 296.39819   1.35064 442.64771
  140   13 296.05251   1.08698  25.60573   9.11561  13.94403  14.45668  15.60281 847.47082 296.12919   1.07365 1065.15095
  141   12 295.58771   1.09250  17.07433   8.26741  14.01235  14.64839  15.47218 588.06684 295.46281   1.08923 1033.30489
  142    4 295.99610   1.24560   6.42055   2.94844  13.35203  14.89242  15.35812 261.93204 296.00615   1.27099 334.37108
  143   12 296.09822   0.87850  22.64031   5.16933  12.91073  13.33957  15.33929 736.71811 296.13537   0.86567 859.68610
  144    5 295.74839   0.91646   4.20366   6.65590  14.58138  15.01631  15.32555 302.69034 295.74201   0.91355 308.38122
  145    6 295.31889   1.18707   5.08247   9.33550  14.43701  14.70553  15.64101 358.90508 295.31185   1.24005 527.28932
  146   23 294.93785   1.09973  25.02629  18.80907  12.82283  13.23307  15.17445 815.14685 295.09783   1.04269 1410.33824
  147    5 295.11145   1.34480   9.44322   7.40728  14.36716  15.18548  15.31980 329.88200 295.11286   1.41707 519.25948
  148    3 295.14291   1.51653   2.54197   2.84078  14.85759  15.13116  15.13116 112.26807 295.16730   1.53598 203.30110
  149    4 294.77123   1.30305   5.74925   3.73433  14.07923  15.21908  15.56941 220.13590 294.75864   1.29500 264.27361
  150    4 295.54867   1.68332   3.89186   3.02466  14.41179  15.50165  15.54012 136.19616 295.54102   1.71336 201.35835
  151    9 295.89725   1.58959   8.89142   8.83442  13.86305  14.60781  15.43167 390.09867 296.00551   1.59505 575.26005
  152   12 296.20722   1.88160   6.12742  21.36874  12.29126  13.54132  15.35891 725.03828 296.23818   1.84193 847.24350
  153    3 296.21052   2.17725   7.95878   2.45808  14.88526  15.53661  15.53661 264.42522 296.13776   2.16684 494.55515
  154    4 296.40205   1.92606   6.86484   5.49815  14.11941  15.38566  15.78218 239.16436 296.45954   1.95941 447.66155
  155    6 295.70184   1.80240   8.06587   7.78203  14.17681  14.82155  15.40252 327.63254 295.71621   1.72901 559.95157
  156    5 295.22197   0.51001   7.03003   8.57259  14.57989  14.72678  15.04420 355.01389 295.28536   0.43446 660.09012
  157    1 295.68674   2.08117   0.00000   0.00000  15.09699   0.00000  15.09699   0.00000 295.68674   2.08117   0.00000
  158    5 295.47296   2.14922   4.12241   8.77801  13.10465  14.58426  15.28647 302.12124 295.46915   2.17348 338.58000
  159    4 295.31330   2.17068   2.94952   5.20131  12.97321  14.64330  14.70331 213.32076 295.32819   2.14299 313.89157
  160   11 295.02364   2.10724   8.24562   8.35641  14.01560  14.50362  15.49125 354.43567 295.06075   2.10720 487.15356
  161    2 294.91694   1.88186   2.23369   4.77405  14.31830   0.00000  14.79831 158.10794 294.93556   1.84208 316.21523
  162    6 295.91724   0.41704   6.88092   1.70771  13.36050  14.56398  15.19043 232.81198 295.86445   0.40442 371.30719
  163    6 304.70628  -0.31091   3.01521   5.47866  12.94302  13.39153  14.58392 185.55831 304.68198  -0.30152 259.54706
  164    6 311.85230   2.05720   5.89509  10.85844  13.96766  15.05902  15.34715 389.59850 311.85614   1.94904 681.05781
  165    3 312.37245   1.76474   3.42927   8.09060  12.49854  13.32201  13.32201 276.86757 312.34532   1.77152 346.86742
  166    3 313.86315   1.95158   6.06106   4.78192  14.43227  14.87662  14.87662 239.24831 313.82610   1.90265 436.38827
  167    5 314.82775   1.79705   3.89289   5.59923  12.43077  14.33195  14.97836 224.75781 314.85942   1.78628 288.29552
  168    2 315.33709   1.91434   3.31752   0.08611  14.08212   0.00000  14.10573  99.50351 315.30945   1.91363 199.00698
  169    7 315.47148   2.03851   7.47240  10.21466  13.13814  13.87292  14.90667 328.89882 315.49179   1.95759 607.56319
  170   32 316.03334   2.01748  26.51929  29.41451  12.96650  13.22816  15.05549 1241.52309 316.01351   1.97147 1149.75221
  171    7 316.33357   2.05610   2.54213  13.61598  13.81850  14.40488  15.42226 425.01261 316.33581   2.11864 619.67458
  172    3 315.65274   1.83062   3.63817   3.88431  13.98851  14.47819  14.47819 147.40920 315.61706   1.84492 255.75621
  173    8 315.45753   1.45142   8.17696  13.14628  12.83201  13.14496  13.85228 500.95027 315.39319   1.38216 622.43517
  174    4 315.98025   1.59518   2.98112   4.95593  13.06284  14.00049  14.49715 190.86060 315.99424   1.64632 329.01518
  175    8 317.03139   2.18882  12.18774   2.68649  11.08780  13.73837  14.97898 430.92961 316.94804   2.20138 732.38758
  176    3 317.28709   1.65078   3.46982   8.16357  12.53620  15.16224  15.16224 277.72260 317.26576   1.65090 320.90068
  177    4 317.47798   1.80557   5.24732  10.98242  13.20825  14.12895  15.10714 399.83432 317.45517   1.86340 600.16556
  178   15 317.32855   2.01126  16.25683   8.91986  12.29204  12.91675  15.05795 512.18267 317.43293   2.01271 887.70730
  179    2 317.15709   1.92053   3.11548   2.73677  14.43327   0.00000  14.57817 124.36566 317.18305   1.89773 248.73039
  180    4 317.71563   1.63009   3.95077   1.67192  13.78750  14.87193  14.88121 136.26223 317.74487   1.64827 257.31010
  181   12 317.27000   1.11032  13.99738  16.47895  12.86983  13.42386  15.34667 631.54232 317.21405   1.12983 822.06495
  182    3 316.30649   1.16721   3.40457   5.77173  13.62564  15.09105  15.09105 197.15217 316.31735   1.11353 349.02248
  183    3 318.66247   1.44153   3.93495   4.94117  12.16476  13.72826  13.72826 204.82059 318.64992   1.40952 300.70064
  184    5 318.75209   1.61692   5.78623   9.88160  12.27804  14.02517  14.83752 366.32278 318.79193   1.60408 475.48969
  185    4 318.57304   1.87862   3.81426   5.61830  13.70840  14.42646  14.92960 211.63083 318.54185   1.87533 296.39579
  186   10 319.51797   1.88938   6.59147  21.42940  12.68569  13.72078  15.34824 706.87216 319.56166   1.91549 781.45067
  187   14 319.52835   1.42181  18.08953  14.04651  12.21444  13.51596  14.98927 716.99523 319.48492   1.43710 754.01575
  188    1 319.91625   1.50655   0.00000   0.00000  14.90039   0.00000  14.90039   0.00000 319.91625   1.50655   0.00000
  189    6 319.99493   1.70239   6.92597   6.40887  13.69316  14.43057  14.77190 349.64734 319.96747   1.70901 307.91682
  190    9 320.12063   1.95278   9.43161  10.41197  13.42919  13.75146  15.26175 433.04567 320.06954   1.94730 476.62714
  191    5 319.74031   1.14553   6.67250   6.14766  11.46271  13.10931  14.96072 268.91175 319.74464   1.17538 369.03238
  192    2 320.06398   1.17458   2.92220   2.19189  12.92295   0.00000  14.03364 109.57225 320.08833   1.19284 219.14405
  193    5 315.98753   1.23639   3.87635   2.54137  13.40955  13.76763  14.32407 169.70911 315.99361   1.20683 239.91056
  194    3 316.75632   1.14312   3.03156   2.94187  11.55422  13.97810  13.97810 109.78619 316.76606   1.17001 183.19839
  195    6 316.90417   0.99344   7.17061   7.79004  13.67876  13.89792  15.08341 360.64584 316.89445   0.99508 388.77729
  196    8 320.71579   1.08790  13.64109  12.16659  13.13172  13.35638  14.21111 517.60241 320.62473   1.12081 806.94727
  197   12 320.92347   1.46314  20.38730  17.59716  13.26711  13.47552  14.92258 722.42931 320.76170   1.34432 1368.61204
  198    2 321.18239   0.85307   2.01380   4.51894  13.20602   0.00000  13.76369 148.41771 321.19917   0.81542 296.83518
  199    6 320.96328   0.65664   2.51695   4.72234  10.98251  12.14306  13.15769 152.93145 320.96078   0.67708 226.91561
  200    3 321.58541   2.12771   7.46291   4.97253  13.68883  14.94406  14.94406 248.54850 321.53010   2.08709 468.93872
  201    7 321.40918   2.11166   7.03923  11.91630  14.34192  14.69611  15.19796 413.33056 321.39988   1.99722 737.23128
  202    3 321.70581   1.38044   1.33999   2.97743  14.08875  14.37950  14.37950 122.45703 321.70261   1.39854 187.65410
  203    3 318.58005   0.77721   2.60495   4.84379  11.64225  13.80994  13.80994 180.31703 318.59851   0.73065 329.98295
  204    3 314.15032   1.18315   3.70070   3.42811  12.78202  14.45827  14.45827 158.80347 314.14396   1.16038 219.50585
  205    4 313.74601   1.09596   5.69725   2.87265  13.55802  13.76724  13.87138 202.22298 313.79552   1.08112 382.77324
  206    4 317.91947   0.45080   2.36536   3.35968  12.46060  12.57486  14.34410 134.99682 317.93678   0.44833 173.70163
  207    8 311.66700   0.98670   9.93560   6.17310  11.61549  13.04630  14.93565 333.20666 311.68945   0.92467 448.18423
  208   12 308.14823  -1.78447  19.52235   9.10552  13.66290  13.98592  15.30335 702.52586 308.27838  -1.79582 1171.15374
  209    6 308.54807  -1.49905   6.00780  10.68942  12.79550  13.72187  14.81870 445.07589 308.53665  -1.44418 645.67332
  210   18 308.46483  -2.17973  20.57786  11.17070  12.44133  13.97100  15.59820 688.08766 308.60439  -2.13045 1220.45968
  211    5 308.13047  -2.07742   4.67627   9.82654  13.68651  14.46566  15.40470 317.36908 308.16824  -2.00015 621.63639
  212    4 308.70706  -1.87933   3.17782   3.41915  14.22130  14.50951  14.84851 143.89572 308.70136  -1.90386 230.24923
  213   60 309.30360  -2.08722  57.92964  20.81182  12.53644  12.89991  15.56655 1836.09944 309.21335  -2.09514 2161.93073
  214    5 309.69607  -1.77152   4.46426   6.35466  13.17986  14.02189  14.55487 256.73315 309.65942  -1.71034 414.59689
  215    8 309.07300  -1.70156   8.84623  14.73741  12.39256  13.75011  15.22019 512.46049 309.14188  -1.57696 932.88740
  216   10 309.07976  -1.31840  20.46470   7.93350  12.75361  13.77816  14.79604 641.24792 309.24869  -1.26533 1278.23390
  217    3 310.00733  -1.49693   4.64483   2.30032  13.36033  14.42991  14.42991 185.98558 310.03562  -1.49072 280.84383
  218    3 310.43348  -1.97752   3.09103   2.96783  13.48014  15.09219  15.09219 157.80247 310.40242  -1.94657 257.02978
  219    4 311.32049  -2.07018   2.85386   2.74583  13.89029  14.43157  14.90319 146.99449 311.30359  -2.05140 237.53826
  220    5 311.52162  -2.00884   6.12625  10.51371  13.21856  14.31007  15.12469 376.73575 311.52980  -2.00961 388.87411
  221    6 312.23987  -1.88888   2.42915  10.60046  12.53614  13.27508  14.69477 376.67998 312.23046  -1.86297 370.35675
  222    4 313.21352  -1.53732   2.76083   5.73158  13.41136  14.11186  14.51534 193.28204 313.20616  -1.49366 344.69387
  223    4 312.39080  -0.86995   7.74103   2.49947  12.64350  13.69443  13.93848 245.45082 312.40515  -0.86926 280.97888
  224    3 314.13253  -1.72117   2.96306   6.78895  13.96555  15.01841  15.01841 235.24919 314.14987  -1.78418 407.44696
  225    9 314.10463  -2.07674   7.97025  15.62093  13.25214  13.90145  14.99079 539.60762 314.11214  -2.04255 588.70066
  226    4 313.76062  -2.20809   1.94258   4.89846  13.67251  14.41476  14.85261 170.72730 313.74686  -2.25347 294.07432
  227    4 314.45469  -2.23505   1.06835   1.97759  13.91833  15.30822  15.47815  68.79443 314.46648  -2.22841 104.23237
  228    4 314.46380  -1.85614   3.22460   2.80224  13.49286  14.53970  14.99989 121.72496 314.47684  -1.83449 199.08103
  229    4 315.01094  -1.90357   2.27606   5.42202  13.95423  14.92964  15.09077 168.32517 315.01607  -1.88219 244.51190
  230    4 316.28217  -1.93127   3.82288   5.38253  13.76645  13.92200  14.56978 200.18346 316.29230  -1.95584 291.94277
  231    5 316.29363  -1.66527  11.71437   5.68330  13.74156  13.88749  14.30526 439.28524 316.18098  -1.61825 750.48680
  232   12 316.94091  -1.40532  13.43678  17.90292  12.36879  13.60122  14.53317 656.18888 316.94064  -1.47863 909.25622
  233    6 317.02879  -1.71941   6.11757  12.53913  13.80516  14.54649  15.17164 453.35252 317.03968  -1.75136 461.58447
  234    5 317.43508  -1.39243   2.54833   7.68685  13.38763  13.86190  15.20585 247.51944 317.40998  -1.36307 366.67055
  235    7 317.49851  -1.12590  14.15242   9.75157  12.72311  13.29255  14.50304 521.50052 317.40123  -1.10142 882.28362
  236   22 317.81009  -1.11369  15.56688  22.86453  11.80436  12.57806  15.00170 868.52976 317.76339  -1.05862 1119.81128
  237    9 316.52179  -1.23346  17.07099   7.76281  13.51836  13.65093  14.91712 571.27870 316.37317  -1.17774 1124.96829
  238   22 316.02660  -1.26029  20.63592  20.90362  12.04937  12.43781  14.44844 741.95245 316.13593  -1.41436 1403.13101
  239    3 315.77421  -1.35022   3.01915   5.40369  13.64524  14.43009  14.43009 201.68915 315.74281  -1.33481 304.92698
  240    2 315.94886  -1.52837   3.65199   3.86950  13.53897   0.00000  14.34992 159.59553 315.91843  -1.49613 319.18993
  241    9 317.32098  -2.15879  15.01089   8.99732  13.30570  14.28556  15.26283 531.58722 317.31057  -2.13497 553.94399
  242    7 317.84688  -1.83791   6.36164  10.51142  13.88424  14.33820  15.25065 412.38841 317.85675  -1.88574 580.01514
  243    4 318.72944  -1.95686   1.56281  10.00427  15.09920  15.52516  15.68961 321.27184 318.74406  -2.03509 607.52764
  244   13 319.19827  -1.57312  22.51516   9.44917  11.82221  13.30356  15.23153 929.00351 319.09617  -1.58245 1279.63650
  245    8 319.47711  -1.37035   5.04591  15.46601  12.91416  13.63482  15.22542 496.77416 319.48511  -1.32288 666.44520
  246    3 319.67142  -1.30370   1.76788   3.08197  12.91620  13.83124  13.83124 115.66244 319.67351  -1.29908 133.83601
  247   23 319.35657  -2.11633  15.57660  16.02395  13.83521  14.73076  15.72645 636.44353 319.43035  -2.10804 755.11205
  248    9 319.93471  -1.95188   7.47175  11.84781  12.96630  13.20620  15.16217 411.75707 319.97394  -2.05933 713.19081
  249    4 319.30398  -1.07493   6.03731   4.87870  14.10500  14.36070  14.45284 283.95193 319.29122  -1.06192 349.56185
  250   10 320.13972  -1.56435   9.20333  20.83033  14.00485  14.19053  15.10467 766.00691 320.11106  -1.47597 890.90674
  251    6 320.86013  -2.15547   8.65606   7.93500  13.48543  14.56378  15.27958 343.32483 320.89660  -2.14907 457.33485
  252    6 321.00902  -2.04337   5.65222   4.89155  12.99504  14.58783  15.56300 259.53628 320.98227  -2.05158 340.76775
  253    9 321.34090  -1.89995   6.22143  19.32962  11.61827  12.79986  15.49588 669.79884 321.27637  -1.90760 682.89308
  254   11 321.61240  -1.96120  14.47764   8.76565  12.75954  13.38071  15.08445 520.06518 321.49894  -1.97316 886.88372
  255    8 321.90395  -2.07076   9.20728  17.95514  13.71884  13.97720  15.25575 580.21370 321.92706  -2.10381 720.95646
  256   10 322.38321  -1.19430   9.00236  10.15131  10.90989  11.59296  12.82589 374.90161 322.31439  -1.19294 549.69263
  257    5 322.13146  -1.14217   3.34876   8.09451  10.75760  12.07857  13.40584 298.18898 322.13460  -1.19529 486.98445
  258    2 322.47263  -1.48998   1.81970   1.34975  13.49189   0.00000  14.83985  67.95461 322.45746  -1.50122 135.90900
  259    4 320.64239  -1.08683   4.03426   5.06030  13.39743  14.09843  14.40696 186.22077 320.60863  -1.04942 363.51551
  260    8 320.98813  -1.03935  15.13020   4.76313  12.34055  12.88201  13.91575 483.59905 320.86428  -0.98727 946.27584
  261    3 321.20226  -1.04907   5.07080   0.42925  12.21950  13.59878  13.59878 203.05319 321.23021  -1.04647 304.06875
  262    2 302.77927   0.88344   1.69110   0.35567  13.90702   0.00000  14.52685  51.83689 302.76518   0.88641 103.67374
  263    4 324.25374  -2.13827   1.22340   9.73862  14.23681  14.43833  15.02283 319.77678 324.24218  -2.17325 449.79211
  264   64 326.00425  -1.62919  30.05316  68.20039  11.90609  13.17069  15.53457 2302.96457 325.95187  -1.48468 2773.29555
  265    2 326.15459  -2.00623   5.51065   1.74939  14.01773   0.00000  14.60538 173.35405 326.20051  -1.99165 346.70669
  266    7 326.45293  -1.87929  16.34889   6.64087  12.97872  13.94047  15.26073 519.81316 326.59415  -1.84882 992.81859
  267    6 326.51334  -1.14851   4.26484  12.40312  14.17452  14.69667  15.17253 403.85627 326.48421  -1.13700 449.43934
  268    3 326.88525  -1.43292   5.21525   2.57153  14.95990  15.56107  15.56107 205.13049 326.91176  -1.41432 303.13447
  269    6 327.04262  -1.48124   3.35663   8.77905  14.36136  14.99710  15.28735 343.52453 327.07085  -1.39008 537.37019
  270   10 326.81596  -1.99864   5.00557  11.14950  13.66406  14.17524  15.64549 393.51440 326.77140  -1.97585 465.08784
  271   14 326.65419  -2.11538   8.75293  11.67453  12.83398  13.16368  15.22731 439.22286 326.58646  -2.08666 605.29424
  272    3 326.84932  -1.80269   4.30965   0.73331  13.99922  15.09449  15.09449 172.07744 326.89711  -1.80431 259.31523
  273    5 327.04212  -1.97780   8.47978   6.55698  14.01001  14.68890  15.84934 313.28871 327.11786  -2.01450 610.69130
  274    3 327.00070  -2.20460   2.00099   4.07623  13.65312  14.54411  14.54411 139.47709 326.97847  -2.23634 272.40756
  275    4 325.48406  -1.98982   5.31738   3.32147  13.98257  15.19210  15.51009 224.70750 325.47784  -2.01690 298.84810
  276    8 325.52038  -2.18413   2.87391   6.25160  12.80643  13.96682  15.48083 224.54469 325.55116  -2.14068 379.38618
  277    6 325.35302  -1.80901   3.85828   6.54089  12.24096  12.73031  13.79379 286.42490 325.31145  -1.87686 432.70497
  278    4 327.40861  -1.77346   7.04142   3.51131  13.70843  14.37229  14.83492 245.36470 327.45799  -1.77190 423.01598
  279    4 328.19603  -2.07363   1.78260   3.06472  13.52160  14.55961  14.73528  95.26168 328.20199  -2.09939 190.33548
  280    4 328.24214  -1.27739   1.04367   8.51034  13.21405  14.60444  15.18119 257.19279 328.23888  -1.28943 301.39077
  281    3 325.39669   2.09377   4.22756   1.75688  14.26376  15.10548  15.10548 138.48735 325.36229   2.09145 256.64289
  282    5 325.76547   1.73919   7.83780   8.58910  13.89586  14.71167  15.17397 307.30686 325.75965   1.70725 402.94404
  283    3 327.02741   1.17280   1.02441   3.80522  11.90590  14.48096  14.48096 129.99916 327.02973   1.14473 229.03959
  284    3 331.26795   2.00274   4.56435   4.09156  13.40337  14.58984  14.58984 189.02118 331.23140   1.96915 367.66202
  285    4 331.55710   2.01192   3.76470   5.70703  11.95737  13.60728  14.61824 209.17506 331.59694   2.01324 299.62448
  286    6 335.10377   1.29361  12.81372   7.02624  11.07958  11.91439  12.92259 425.41870 335.22181   1.29975 798.38220
  287    3 335.40846   1.44948   5.24635   2.67241  12.02198  13.38516  13.38516 198.29793 335.42410   1.47452 290.07038
  288    2 336.41357   2.15101   2.68386   4.61479  14.41197   0.00000  14.49032 160.12640 336.43593   2.11255 320.25178
  289    3 336.62780   2.01490   2.82071   3.54026  13.08546  14.31949  14.31949 153.52295 336.62348   2.02403 189.28086
  290    4 336.84181   1.22896   2.55010   8.48399  13.17005  14.66893  14.68527 300.26853 336.84228   1.22166 324.87573
  291    5 337.26357   1.48759   7.91518   8.82526  13.03091  13.70725  14.80416 370.35859 337.33277   1.47395 514.56505
  292    4 338.32161   1.85237   6.21486   4.43385  12.54842  13.48861  14.10819 228.39233 338.32757   1.88411 319.81305
  293    7 339.02694   1.91077   6.22905   5.62514  13.09913  14.14525  15.38914 253.83085 339.05168   1.91251 320.37195
  294    5 339.53475   1.73198   2.39541   7.43898  12.21783  12.67665  14.18584 239.59364 339.51180   1.70326 359.39523
  295    6 340.08771   1.74429   7.94659   8.28816  13.01850  13.38168  14.30654 341.60493 340.08327   1.75372 370.47425
  296    1 340.10503   1.92050   0.00000   0.00000  13.00920   0.00000  13.00920   0.00000 340.10503   1.92050   0.00000
  297    8 340.37602   1.90364   9.90127   7.83593  11.78813  13.16384  14.59305 396.28673 340.34304   1.93820 474.39105
  298    6 342.06503   2.02599   6.69310   7.14001  12.02538  13.60957  14.15505 278.82639 342.11361   2.04256 406.11672
  299    4 342.43418   2.15822   5.44083   5.11913  12.79138  14.29636  14.55356 244.63625 342.46645   2.16240 305.87164
  300    3 342.42098   1.91895   6.63841   5.48921  13.43168  14.30948  14.30948 281.19908 342.39432   1.93577 350.79497
  301    3 342.28645   1.64346   1.88461   5.77639  13.73134  14.29544  14.29544 228.50030 342.30041   1.61056 348.61961
  302   10 343.06819   2.12232  11.28417   6.30728  12.05435  12.85987  14.82952 445.48270 343.04580   2.12584 369.42842
  303    5 341.52242   2.10921   4.76682   5.62516  12.84093  13.65307  14.41825 225.95397 341.49198   2.13246 278.11512
  304    4 344.47014   1.89196   1.89793   5.96389  12.38766  14.28752  14.36027 194.79283 344.48256   1.84657 362.20924
  305    7 345.86183   2.10734   9.66127   5.45640  12.90758  13.24463  14.76894 326.14377 345.87343   2.11817 335.47312
  306    3 346.96388   1.97566   0.82806   4.03374  13.81501  14.49382  14.49382 162.09227 346.95962   1.99666 239.21147
  307    3 347.37646   1.80779   2.40453   4.28984  13.22017  13.86557  13.86557 177.74819 347.37488   1.83452 269.72823
  308    7 347.72661   1.79528   7.04045   9.76278  11.84292  12.67472  14.36770 370.75376 347.74461   1.78121 404.59962
  309   10 347.60415   1.46564   3.59083   7.05364  11.61356  12.12818  13.20492 266.56668 347.60542   1.45718 297.04819
  310    4 347.81773   1.39499   7.16806   9.70906  11.80337  12.43257  14.18866 372.49717 347.75220   1.47508 630.88712
  311    4 348.00260   1.90583   3.83273   4.03930  12.77355  13.46737  15.07127 177.03172 348.00186   1.93553 268.98808
  312    4 349.81792   1.81851   4.07723   4.22721  12.71935  13.99508  14.14259 181.97091 349.80793   1.83660 218.56907
  313    3 330.34864  -2.05727   7.09749   3.40926  12.67474  14.38833  14.38833 270.79779 330.32162  -2.03975 358.68938
  314    5 348.03722  -1.71965   3.90860   4.35631  12.19644  13.35381  13.65429 211.87860 348.05206  -1.72053 253.66008
