       298.74926       -2.0857332        16.520450        15.942650        15.559240          110          140 
       298.75674       -2.1262391        17.108310        16.298030        15.468000          111          140 
       298.77782       -2.1257902        15.733080        14.890580        14.490240          113          140 
       298.78528       -2.1530166        16.147070        15.428570        15.148880          114          140 
       298.81074       -2.0331705        15.568600        15.091080        14.614980          118          140 
       298.84931       -2.2186796        16.170460        15.117330        14.648840          119          140 
       298.85927       -2.2282365        16.528700        15.541690        15.301390          121          140 
       298.86482       -2.2338562        16.136480        14.906240        14.560920          123          140 
       298.86000       -2.1794586        15.956350        14.669630        13.994830          124          140 
       298.86130       -2.0773357        16.602780        15.609930        15.447110          125          140 
       298.86733       -2.1104584        15.860460        15.265890        15.174090          126          140 
       298.88111       -2.0571927        15.733230        14.735180        14.314060          132          140 
       298.94215       -2.1348670        15.047410        14.494530        14.521640          133          140 
       298.92261       -1.9892594        15.752500        15.050270        14.685020          135          140 
       298.94086       -2.0503830        15.316600        14.737280        14.421290          137          140 
       298.95721       -2.0760836        16.160980        14.974380        14.917420          141          140 
       300.46727       -1.6665379        15.506290        14.882130        14.708270          255          280 
       300.51834       -1.7498137        15.471870        14.007230        13.577770          261          280 
       300.51143       -1.6252815        16.095480        15.344370        14.851450          262          280 
       300.55215       -1.6918264        15.319740        14.604460        14.231980          263          280 
       300.53157       -1.3888650        14.085410        13.508850        13.222430          264          280 
       300.53473       -1.3892769        14.456440        13.714380        13.355960          265          280 
       300.54139       -1.7164214        16.587370        15.749140        14.853790          266          280 
       300.55438       -1.8059360        15.846570        15.467290        15.201330          267          280 
       300.54718       -1.6192345        16.231870        15.363790        14.850670          268          280 
       300.55852       -1.6568734        16.000800        15.488910        15.215090          270          280 
       300.54844       -1.4670011        16.019760        15.210540        15.078310          271          280 
       300.61772       -1.8309715        16.788810        14.950430        14.493910          275          280 
       300.60064       -1.5708783        15.841630        15.208730        15.093670          276          280 
       300.59943       -1.4657222        14.987690        14.475260        14.297270          277          280 
       300.65021       -1.8062851        16.208860        15.408930        14.221890          279          280 
       300.63635       -1.4872525        15.351880        14.225780        13.822530          280          280 
       300.63834       -1.5084607        15.403030        14.875730        14.823990          281          280 
       303.47178       -1.8818538        16.575560        15.835950        15.515900          461          510 
       303.48629       -1.9457156        15.624430        14.657090        14.443080          466          510 
       303.51884       -1.9115355        15.957220        15.154570        14.676700          471          510 
       303.56211       -1.8873282        15.014520        13.797130        13.584390          476          510 
       303.56312       -1.9173493        16.020100        15.296340        15.223070          477          510 
       303.60770       -1.9445191        14.757540        14.214030        13.965510          483          510 
       303.62230       -1.8964876        14.335040        13.662640        13.513870          485          510 
       303.63694       -1.8516946        14.617010        13.953650        13.834530          487          510 
       303.65317       -2.0080596        15.784100        15.157080        14.954040          488          510 
       303.66456       -1.8950717        13.980760        13.339240        12.968270          489          510 
       303.68030       -1.9410231        15.065300        14.279020        14.061820          490          510 
       303.68255       -1.9926340        16.056890        15.364320        15.058990          492          510 
       303.68810       -1.9190687        16.163170        14.810230        14.329310          494          510 
       303.69732       -2.0530368        15.002220        14.183660        13.792020          495          510 
       303.71216       -2.0152312        14.678990        14.231670        14.073640          499          510 
       303.71696       -1.8749009        15.823360        14.836970        14.527500          500          510 
       303.71875       -1.9468218        15.823190        15.056960        15.092650          501          510 
       303.71868       -2.0977322        15.706040        15.124390        15.333000          502          510 
       303.72504       -1.9152196        15.446490        13.762390        14.019230          503          510 
       303.75611       -1.9892583        16.334730        15.042420        14.563900          506          510 
       303.78964       -2.1320189        15.204880        14.481760        14.236110          508          510 
       303.84623       -2.1109876        15.122880        14.679170        14.240170          511          510 
       305.36052       -1.7315345        15.362990        14.355750        14.183680          597          618 
       305.36707       -1.7078673        15.211070        14.781920        14.456900          600          618 
       305.37294       -1.7297280        15.670850        14.714100        14.224350          601          618 
       305.39959       -1.7449463        15.586430        14.398060        13.693570          604          618 
       305.43575       -1.7265016        16.030470        15.088440        14.725820          607          618 
       305.43626       -1.7476845        16.697480        15.843660        15.100440          609          618 
       305.48473       -1.7805734        15.363080        14.476340        14.095750          612          618 
       305.50002       -1.7500151        16.164560        15.102260        14.752800          614          618 
       305.52941       -1.6820334        17.485010        15.456170        14.953130          617          618 
       305.54874       -1.7277799        15.150120        15.420820        15.356110          618          618 
       305.56047       -1.7993601        16.210800        15.455110        14.828060          619          618 
       305.95003       -1.8545147        15.063020        14.620370        14.741190          655          671 
       305.96449       -1.9497708        15.798320        14.782800        14.130420          656          671 
       305.97794       -2.0302069        15.716800        15.204890        14.955910          659          671 
       305.99349       -1.9002581        13.995390        13.438080        13.188160          660          671 
       306.01079       -2.0673175        15.228640        14.049050        13.717900          661          671 
       306.04138       -1.9493659        14.576570        13.790930        13.318560          663          671 
       306.03551       -2.1463460        14.045700        13.168940        12.804440          664          671 
       306.06037       -1.9611085        15.073040        14.343430        13.976010          665          671 
       306.08917       -1.8939789        15.979920        14.897870        14.494190          666          671 
       306.05660       -2.2108147        14.146800        13.565870        13.263330          667          671 
       306.09958       -1.8601261        14.816730        14.263900        13.903610          668          671 
       306.09904       -2.1800905        14.136470        13.685810        13.361600          670          671 
       306.15155       -2.2225405        16.346580        15.084330        14.667840          672          671 
       306.57097       -1.9651718        15.024030        14.027590        13.808040          690          709 
       306.59525       -1.9465232        14.618030        13.556710        13.416350          691          709 
       306.60450       -1.9509891        14.789930        13.935870        13.511280          694          709 
       306.58956       -2.0773660        15.389790        14.467560        13.842980          695          709 
       306.60718       -1.9467373        14.769640        14.320020        14.063850          696          709 
       306.60147       -2.0469280        14.762570        14.643590        14.590480          697          709 
       306.64247       -1.8041844        16.430400        14.955960        14.491860          698          709 
       306.62114       -1.9822022        15.080980        14.326750        13.997550          699          709 
       306.64764       -1.9427030        14.489680        13.777810        13.581860          700          709 
       306.63114       -2.0724833        14.114530        13.560020        13.431630          701          709 
       306.65109       -1.9564511        14.699070        14.337110        14.077930          702          709 
       306.66689       -1.8666886        15.586930        14.811480        14.680120          703          709 
       306.68559       -1.7462986        15.759230        15.169670        15.038880          704          709 
       306.71475       -1.7904383        14.479310        13.817480        13.610520          705          709 
       306.75441       -1.8131291        15.392760        14.001350        13.676380          708          709 
       306.77080       -1.8368319        15.438760        14.247300        13.531770          710          709 
       308.28626       -2.2482509        16.025870        15.655700        15.598200          779          810 
       308.34890       -2.2411885        15.600320        14.640270        14.328840          785          810 
       308.42339       -2.2472628        15.215720        14.965120        15.173150          793          810 
       308.45915       -2.1372073        16.321980        15.650030        15.578190          795          810 
       308.44482       -2.2491365        16.022520        15.437010        15.450440          796          810 
       308.46789       -2.2341427        16.347470        15.291480        15.312040          798          810 
       308.49007       -2.1805206        14.848940        15.110760        14.067320          799          810 
       308.50038       -2.2152307        15.501730        14.760130        14.435380          801          810 
       308.54920       -2.2272646        15.416850        14.716760        14.509440          803          810 
       308.56547       -2.2379558        15.773260        14.976480        14.584070          804          810 
       308.60439       -2.1304480        13.441850        12.667960        12.441330          806          810 
       308.61230       -2.1303692        14.252380        13.696590        13.173290          808          810 
       308.61944       -2.1285967        15.993350        15.226850        15.503110          809          810 
       308.62923       -2.1952290        15.950490        15.198450        15.145000          811          810 
       308.89143       -1.4215392        15.163370        14.113400        13.791320          816          848 
       308.90760       -1.3643121        15.773820        14.397240        13.852960          817          848 
       308.96248       -1.3909839        16.104690        15.316020        14.325460          819          848 
       309.02049       -1.3975523        15.982120        15.291150        14.769430          824          848 
       309.05114       -1.2668179        15.234200        14.798870        14.267930          825          848 
       309.03620       -1.3467500        15.468060        14.284820        13.856290          826          848 
       309.09093       -1.2829183        15.511600        14.941560        14.344900          828          848 
       309.14216       -1.2788628        13.586110        12.996690        13.003160          834          848 
       309.14055       -1.2876531        15.078020        14.706860        14.796040          835          848 
       309.19732       -1.3027715        15.073820        13.685830        13.778160          845          848 
       309.24868       -1.2653274        13.628320        13.183550        12.753610          849          848 
       308.84751       -2.0156047        16.058270        14.888840        14.673350          821          859 
       308.90808       -2.0601560        14.826320        14.157500        13.790310          827          859 
       308.96620       -1.9948445        14.854280        14.411400        14.223420          830          859 
       308.95182       -2.0680786        15.088030        14.677320        14.294850          831          859 
       308.92960       -2.1915532        16.380990        15.457990        14.926030          832          859 
       308.92969       -2.2320528        14.678430        14.150950        13.867400          833          859 
       308.94099       -2.2305043        14.295510        13.330100        12.836310          839          859 
       308.96896       -2.1438965        16.170070        15.280940        14.799230          841          859 
       308.96846       -2.1839579        16.497640        15.867590        15.008080          842          859 
       309.03464       -2.1748022        15.309460        14.469690        14.582740          848          859 
       309.05313       -2.2300183        15.789210        15.419300        15.071490          850          859 
       309.10668       -2.1515932        14.578720        14.101010        14.054260          851          859 
       309.09408       -2.2073795        15.513300        15.615910        15.519760          852          859 
       309.09558       -2.2172051        14.603700        14.023830        14.022250          854          859 
       309.09741       -2.2273712        16.141400        15.395740        15.140820          855          859 
       309.10131       -2.2334240        16.573040        16.065720        15.565010          856          859 
       309.12992       -2.1258539        14.594030        14.003760        13.516800          858          859 
       309.14983       -2.1908400        14.635060        14.273810        14.220950          860          859 
       309.14530       -2.0423025        15.615330        14.395150        14.287300          857          906 
       309.16913       -1.9999388        16.263170        15.424790        14.893310          859          906 
       309.22696       -1.9618872        16.051530        15.493250        15.225810          861          906 
       309.21335       -2.0951330        13.574690        12.867340        12.536440          862          906 
       309.27157       -1.9061201        15.803190        15.362250        15.566550          863          906 
       309.27576       -1.9312956        12.874750        13.470680        14.308290          864          906 
       309.26524       -2.0056772        15.458200        15.029110        13.988060          865          906 
       309.24954       -2.0883082        15.121390        14.601280        14.250440          866          906 
       309.27628       -2.0005221        15.252290        15.143450        14.543030          867          906 
       309.28289       -1.9879998        14.298210        13.895520        13.805980          868          906 
       309.29757       -2.0132795        15.178000        14.645320        14.627990          869          906 
       309.28803       -2.0739775        13.431240        12.971680        13.099120          870          906 
       309.31495       -2.0425287        15.689350        16.340340        14.986520          872          906 
       309.38599       -2.0601106        14.691030        13.903550        13.439760          877          906 
       309.45399       -2.0130982        14.741300        14.040730        14.152030          881          906 
       309.42272       -2.1716110        16.000250        15.472350        14.788390          882          906 
       309.44287       -2.1307370        15.202650        14.699890        14.304980          883          906 
       309.45138       -2.1459606        16.818910        16.127430        15.369570          885          906 
       309.43097       -2.2463291        16.307430        15.647850        14.943830          886          906 
       309.48943       -2.0446064        14.103040        13.102520        12.899910          888          906 
       309.46037       -2.1731082        16.220490        15.476840        14.869690          889          906 
       309.49255       -2.0939042        13.683980        13.351600        13.165510          890          906 
       309.51623       -2.0457000        14.241220        13.666480        13.581530          891          906 
       309.53963       -2.0005612        15.476740        14.877380        14.129990          892          906 
       309.51705       -2.1449686        14.677730        14.088690        13.925590          893          906 
       309.56030       -2.0842917        15.529560        14.799710        14.705170          894          906 
       309.59722       -2.0740614        14.723690        14.118890        14.036950          899          906 
       309.66582       -2.0930692        15.281030        14.805960        14.510220          906          906 
       309.67297       -2.1512904        16.054670        14.592530        14.136310          907          906 
       315.90336       -1.2209355        13.705350        12.971440        12.804030         1120         1136 
       315.94048       -1.1946787        15.606190        14.499420        14.448440         1122         1136 
       315.94788       -1.2894411        13.573770        13.304130        12.941570         1123         1136 
       315.94101       -1.3103431        14.268410        12.578580        12.437810         1124         1136 
       315.95602       -1.2890572        13.403190        12.614020        12.475690         1127         1136 
       315.95606       -1.3077085        14.839950        13.990490        13.785700         1128         1136 
       315.96776       -1.2836870        14.673180        13.654370        13.197730         1129         1136 
       315.96424       -1.2973930        14.340990        13.546290        13.251810         1130         1136 
       316.02889       -1.2123591        14.586520        13.229330        12.715760         1133         1136 
       316.02752       -1.2495217        15.278310        14.731750        14.390080         1135         1136 
       316.02467       -1.2589471        14.704590        14.100370        14.019050         1137         1136 
       319.25762       -1.9992988        15.694620        15.097140        14.977130         1350         1374 
       319.27548       -1.9699766        15.945830        15.353520        15.195110         1351         1374 
       319.26640       -2.0064001        16.209440        15.147740        15.154580         1352         1374 
       319.22261       -2.1152616        16.637680        15.381270        15.096180         1354         1374 
       319.25363       -2.0745630        15.756210        14.988300        14.889060         1355         1374 
       319.26414       -2.0577912        14.777720        14.261710        14.239520         1356         1374 
       319.26682       -2.1650234        15.973280        15.403510        15.311330         1358         1374 
       319.26286       -2.1853953        16.343730        16.165660        15.527620         1359         1374 
       319.26861       -2.1905024        16.497140        15.810610        15.708310         1360         1374 
       319.29548       -2.1738822        16.690350        16.132250        15.153830         1361         1374 
       319.26483       -2.2370424        16.298730        15.718690        15.445100         1362         1374 
       319.47773       -1.9495944        14.766470        13.967670        13.522360         1363         1374 
       319.34039       -2.1841915        15.982840        15.300870        14.987130         1364         1374 
       319.48032       -1.9899896        15.289000        14.956330        14.730760         1365         1374 
       319.47049       -2.0205361        15.187670        14.941630        15.072040         1366         1374 
       319.43034       -2.1080340        14.624750        13.989440        13.835210         1367         1374 
       319.45766       -2.0732931        16.390800        15.877360        15.595700         1368         1374 
       319.39686       -2.1882007        16.281330        15.737770        15.541560         1369         1374 
       319.44335       -2.1319237        15.477050        15.145590        14.752350         1370         1374 
       319.44163       -2.1392827        16.394030        15.764860        15.726450         1371         1374 
       319.46617       -2.1135534        16.492590        15.489350        15.328380         1372         1374 
       319.44116       -2.2101198        15.626950        15.279120        14.983390         1373         1374 
       319.45192       -2.1937903        15.471060        15.091960        14.980900         1374         1374 
       319.48222       -2.1473715        15.816830        15.502330        15.391440         1375         1374 
       325.86889       -1.6924161        13.692120        13.417830        13.669220         1699         1757 
       325.88055       -1.7126024        15.276770        14.758630        14.730600         1708         1757 
       325.91419       -1.7083773        14.891730        14.602310        14.450600         1712         1757 
       325.93127       -1.6876748        15.120380        14.654920        14.339540         1713         1757 
       325.94203       -1.6752158        15.859520        15.298600        15.446260         1714         1757 
       325.94275       -1.7116731        15.186660        15.243180        14.565100         1721         1757 
       325.94464       -1.7672819        15.538760        15.201480        15.222440         1727         1757 
       326.01033       -1.7322698        14.764050        14.364860        14.289670         1730         1757 
       325.94304       -1.8342131        16.479200        16.171090        15.460720         1732         1757 
       326.05721       -1.7075161        15.847690        15.137170        14.920050         1733         1757 
       325.85778       -1.9586248        14.506510        14.109060        13.313660         1735         1757 
       325.97242       -1.8483359        14.079380        13.642500        13.717160         1737         1757 
       325.84097       -2.0293756        15.512330        15.052320        15.011010         1738         1757 
       325.84934       -2.0275504        16.524990        15.742210        15.022380         1739         1757 
       326.03139       -1.8174610        15.769440        15.362470        15.308970         1740         1757 
       325.95646       -1.9244005        15.638880        15.197000        14.572950         1742         1757 
       325.91515       -1.9911264        15.671920        14.864130        14.632900         1745         1757 
       326.07993       -1.8159120        15.793120        15.385260        14.928080         1747         1757 
       325.91232       -2.0471895        14.528060        14.132070        14.129350         1750         1757 
       325.89619       -2.0718368        16.178020        15.623460        15.514040         1751         1757 
       326.10906       -1.8289415        16.022430        15.599570        14.832560         1752         1757 
       325.88718       -2.1610629        14.918160        14.623270        14.590960         1755         1757 
       325.91759       -2.1239681        13.807420        13.392810        13.342580         1756         1757 
       326.11973       -1.8923877        15.852400        15.082670        14.778810         1757         1757 
       326.14248       -1.8675010        15.586380        14.436810        14.091510         1758         1757 
       326.55792       -2.0403403        14.310070        13.581270        13.066080         1786         1833 
       326.58645       -2.0866553        13.904250        13.102600        12.833980         1789         1833 
       326.63628       -2.0288124        16.210400        15.276650        14.202180         1790         1833 
       326.63042       -2.0583946        15.738710        14.892800        13.938470         1791         1833 
       326.64466       -2.0713135        16.623170        15.773540        15.227310         1792         1833 
       326.62767       -2.1084058        16.153920        13.894200        14.570520         1793         1833 
       326.77140       -1.9758502        14.935350        14.015590        13.664060         1794         1833 
       326.78295       -1.9711925        17.252980        16.195590        15.286170         1795         1833 
       326.66579       -2.1180421        14.369440        13.576410        13.346940         1796         1833 
       326.67127       -2.1272585        14.463760        13.309140        13.163680         1797         1833 
       326.68288       -2.1203220        14.253050        13.620300        13.209680         1798         1833 
       326.70380       -2.1007297        15.851770        14.990830        14.599270         1799         1833 
       326.68043       -2.1333855        14.814210        14.298270        13.715460         1800         1833 
       326.70296       -2.1751453        15.340790        14.445910        13.869710         1801         1833 
       326.68363       -2.2231062        15.855840        14.960900        14.966970         1802         1833 
       326.68437       -2.2233879        16.472860        15.276780        14.489280         1803         1833 
       326.78712       -2.1040817        15.350640        14.419570        13.816380         1804         1833 
       326.79790       -1.9544246        16.230680        15.581220        15.491890         1826         1833 
       326.82968       -1.9182567        15.301620        14.500780        14.175240         1827         1833 
       326.80890       -2.0063988        15.198820        14.748690        14.696790         1829         1833 
       326.84840       -1.9931647        16.375270        15.211310        15.283400         1831         1833 
       326.85377       -1.9903912        15.895230        15.552620        15.277330         1832         1833 
       326.85482       -2.0042119        15.318710        14.501930        14.484790         1833         1833 
       326.82460       -2.0684093        17.562220        16.138080        15.645490         1834         1833 
       297.87810       -1.1294736        16.191220        15.352620        14.920830           74         2220 
       297.88134       -1.1389419        17.244280        16.205690        15.100170           75         2220 
       297.89165       -1.1820107        14.730340        14.381750        14.511690           76         2220 
       297.94929       -1.1639244        13.568970        12.823770        12.834980           78         2220 
       298.00522       -1.1460695        15.055080        14.479680        14.447060           81         2220 
       298.00912       -1.1609310        15.097610        14.289050        13.928610           82         2220 
       298.00955       -1.0792456        15.707770        15.171350        14.890680           83         2220 
       298.05923       -1.1588766        15.227130        14.393870        14.171130           84         2220 
       297.81463       -1.0880910        15.127770        14.807360        14.775850         2198         2220 
       297.82721       -1.1152580        14.495890        14.131920        14.102080         2199         2220 
       297.84037      -0.99453994        16.124190        15.570080        15.381390         2205         2220 
       297.87555       -1.0553470        13.645190        13.443140        13.415400         2208         2220 
       297.96927       -1.0666938        14.920900        14.209290        13.870970         2221         2220 
       297.71420      -0.23467107        12.901810        12.429870        12.376660         2206         2227 
       297.74048      -0.19707148        15.618550        15.197590        15.053410         2211         2227 
       297.76145      -0.22826764        15.005340        14.650580        14.820880         2213         2227 
       297.75919      -0.19342606        14.364310        13.949620        13.544300         2214         2227 
       297.81491      -0.22887172        14.632800        14.506700        14.259690         2219         2227 
       297.82613      -0.25858003        15.581870        14.680230        14.685460         2220         2227 
       297.81168      -0.13639128        13.899520        13.301700        13.108540         2222         2227 
       297.83457      -0.21388742        15.853800        15.388960        15.250260         2223         2227 
       297.86065      -0.25329201        15.806930        15.218970        14.863080         2224         2227 
       297.85527      -0.14862889        16.288030        15.274650        14.200080         2226         2227 
       297.86879      -0.15588608        14.318150        14.168130        14.132630         2228         2227 
       297.76559      -0.71317911        16.338740        15.888320        15.475540         2201         2230 
       297.77180      -0.70841487        15.401970        15.402930        15.312920         2202         2230 
       297.76829      -0.61431225        16.296010        15.297920        15.243700         2203         2230 
       297.80179      -0.65875618        15.995530        15.312890        15.188110         2207         2230 
       297.81320      -0.69691429        14.300060        13.910790        13.637140         2209         2230 
       297.83497      -0.75741542        14.970090        14.124900        14.323280         2210         2230 
       297.83094      -0.67985170        15.066320        14.645820        14.620210         2212         2230 
       297.88630      -0.78266878        15.924090        15.118960        14.778410         2215         2230 
       297.88668      -0.68809923        15.302880        14.968720        14.897820         2217         2230 
       297.95190      -0.64171909        15.154970        14.569790        14.491340         2227         2230 
       298.00642      -0.70310725        16.225020        15.315340        15.113270         2231         2230 
       298.35424      -0.65758523        15.585000        14.806700        14.606000         2239         2262 
       298.37786      -0.60189184        15.657170        15.025350        14.777770         2240         2262 
       298.40958      -0.52685481        15.768920        15.274690        15.174720         2244         2262 
       298.43151      -0.66060267        16.013840        15.295200        15.001810         2245         2262 
       298.43081      -0.62705740        14.577480        14.057040        13.995310         2247         2262 
       298.44210      -0.56164171        15.186760        14.557540        14.449810         2250         2262 
       298.44597      -0.58543087        16.371920        15.519120        15.247790         2251         2262 
       298.44732      -0.51199087        16.287770        15.012340        14.835970         2252         2262 
       298.48031      -0.71191645        15.915920        15.223100        14.892460         2253         2262 
       298.49398      -0.74122657        16.760520        15.963950        15.406420         2254         2262 
       298.48179      -0.64955220        16.685160        15.738380        15.595970         2255         2262 
       298.50181      -0.75668174        15.857410        15.221970        15.238510         2256         2262 
       298.52604      -0.77435123        15.190700        14.804620        14.588340         2257         2262 
       298.49117      -0.50101445        14.974370        14.695710        14.421830         2258         2262 
       298.51795      -0.61803619        15.561100        14.698030        14.439660         2259         2262 
       298.51137      -0.57017970        15.197260        14.616610        14.553800         2260         2262 
       298.57709      -0.61123929        16.150950        15.391740        15.238310         2263         2262 
       299.23488      -0.96208064        16.196750        15.443640        15.313240         2297         2317 
       299.24992      -0.89003763        15.035780        14.493410        14.364560         2299         2317 
       299.25932      -0.95593662        14.928360        14.366940        14.306910         2300         2317 
       299.26678      -0.90964217        16.700320        15.065210        14.540240         2301         2317 
       299.27652      -0.96002126        14.880010        13.871500        13.944690         2302         2317 
       299.31192      -0.91209262        15.687340        15.478380        14.993090         2306         2317 
       299.32987      -0.80912108        14.809360        13.911510        13.439050         2308         2317 
       299.34542      -0.91930189        14.663520        14.419340        13.923220         2309         2317 
       299.34840      -0.82373273        15.177210        15.127220        15.191360         2312         2317 
       299.36769      -0.90328160        15.785840        15.136820        15.182810         2313         2317 
       299.40949      -0.91486691        15.685700        14.983330        15.107430         2316         2317 
       299.41677      -0.88232801        15.724870        14.986340        14.923880         2317         2317 
       299.42305      -0.90287478        15.540980        14.534860        14.378230         2318         2317 
       299.28910       -1.1805537        17.111920        15.447660        14.855890          182         2330 
       299.29928       -1.1423576        16.429340        15.769860        15.435060          183         2330 
       299.37916       -1.2153380        15.647170        15.251410        14.796210          190         2330 
       299.37915       -1.1079775        15.990640        15.360690        15.126000          191         2330 
       299.37668       -1.0620868        16.154040        15.461930        15.153350          192         2330 
       299.27323       -1.1215823        17.389090        16.104910        15.199420         2298         2330 
       299.30445       -1.0673486        14.646750        14.030470        14.050840         2304         2330 
       299.33400       -1.1590927        16.411370        15.629860        15.198880         2305         2330 
       299.34294       -1.1532866        16.616760        15.656770        14.845980         2307         2330 
       299.36360       -1.0340502        15.520510        15.019210        14.732040         2310         2330 
       299.38458       -1.0100709        14.550730        14.480350        14.371120         2314         2330 
       299.45762       -1.0136259        16.050290        15.195220        14.957240         2319         2330 
       299.46289       -1.0065130        16.271920        15.158840        14.956500         2320         2330 
       299.51255      -0.98262601        17.172230        14.693150        15.106460         2324         2330 
       299.52282      -0.98083703        14.533630        14.311540        14.795120         2325         2330 
       299.55634      -0.90821311        15.330040        14.865060        14.811530         2328         2330 
       299.55390      -0.85810220        15.383390        14.502100        14.087570         2329         2330 
       299.59182      -0.78072158        15.287280        14.339390        13.855290         2330         2330 
       299.61525      -0.83474246        14.596020        14.190910        13.905580         2331         2330 
       300.22755       -1.0660852        15.557230        14.506630        14.146960          245         2348 
       300.36387       -1.1519834        15.451720        14.884900        14.755480          252         2348 
       300.42768       -1.1465291        14.091100        13.211240        12.950680          257         2348 
       300.46015       -1.2997558        13.656820        12.909030        12.595220          258         2348 
       300.45335       -1.2078378        13.726440        12.925670        12.631340          259         2348 
       300.46519       -1.2173483        15.429490        14.415560        14.117370          260         2348 
       300.21856       -1.0318146        15.398200        14.305340        14.111140         2343         2348 
       300.25716       -1.0919482        15.521760        14.494800        14.276020         2344         2348 
       300.26854       -1.0685856        16.472410        15.316330        14.779460         2345         2348 
       300.28669       -1.0612286        15.334610        14.206200        14.119590         2346         2348 
       300.30136       -1.0086017        14.868000        14.254660        14.335580         2347         2348 
       300.32017       -1.1357895        15.826540        15.015730        14.851670         2348         2348 
       300.32441      -0.97249053        16.075050        15.330150        15.092400         2349         2348 
       317.68872       -1.0944709        16.539640        15.446570        14.641880         1240         2529 
       317.76338       -1.0586205        12.161630        11.806200        11.804360         1241         2529 
       317.78453       -1.0987575        15.096110        14.312890        14.235090         1244         2529 
       317.74513       -1.2339001        14.038770        13.681370        13.721570         1247         2529 
       317.79059       -1.1846887        13.329150        12.613460        12.578060         1249         2529 
       317.80869       -1.1570430        14.583690        13.625250        13.256130         1251         2529 
       317.83370       -1.1743711        12.483350        12.028750        11.990990         1256         2529 
       317.83523       -1.2388262        13.479460        12.868180        12.905470         1257         2529 
       317.88256       -1.1575971        13.824090        13.407350        13.310240         1258         2529 
       317.87626       -1.2575531        15.186330        15.260490        15.001700         1260         2529 
       317.90607       -1.3350367        15.474140        14.696870        14.264040         1266         2529 
       317.72881      -0.96846349        14.657430        13.747220        13.795810         2520         2529 
       317.74787      -0.95396111        14.359100        13.453550        13.500100         2521         2529 
       317.73389       -1.0041452        15.160050        14.307030        13.866030         2522         2529 
       317.76428       -1.0196664        15.866030        15.176810        14.949160         2523         2529 
       317.75553       -1.0489301        15.165140        14.578660        14.406880         2524         2529 
       317.79895       -1.0604420        14.067580        13.390600        12.772060         2525         2529 
       317.82277       -1.0383972        14.326960        13.340480        13.271040         2526         2529 
       317.87128       -1.0396989        13.776270        13.096290        13.159530         2527         2529 
       317.83451       -1.1521195        14.870160        13.536900        14.097300         2528         2529 
       317.90086       -1.0968558        15.418650        14.805200        13.708570         2529         2529 
       317.94817       -1.1275552        14.369380        13.801590        13.800120         2530         2529 
       325.87483       -1.2146297        14.641390        14.066660        14.052380         1667         2574 
       325.87979       -1.3229145        14.583460        13.920300        13.970870         1668         2574 
       325.97978       -1.1988764        15.127740        14.783380        14.546670         1669         2574 
       325.92839       -1.2744055        14.115780        13.436700        13.170690         1670         2574 
       325.99522       -1.2657484        14.473980        13.307720        13.321810         1674         2574 
       325.94234       -1.3387811        15.643440        15.193490        15.097690         1675         2574 
       326.01147       -1.2659216        13.987050        13.487740        13.369860         1676         2574 
       326.07529       -1.2010319        14.923990        14.361620        14.345760         1677         2574 
       325.92368       -1.3930774        14.368200        14.291770        13.979800         1678         2574 
       325.95238       -1.3572793        16.193980        15.477020        15.411860         1679         2574 
       325.92514       -1.3919526        14.227780        13.667720        13.668420         1680         2574 
       326.09496       -1.2188464        16.045340        14.911300        14.352230         1684         2574 
       325.94267       -1.4738996        15.542110        14.885530        14.825180         1688         2574 
       326.08837       -1.2986527        15.293450        14.840660        14.741960         1689         2574 
       326.02365       -1.3906556        16.262100        15.515410        15.534570         1690         2574 
       325.95187       -1.4846797        13.357540        12.345610        11.906090         1691         2574 
       326.09145       -1.3310899        14.645840        13.895700        13.835310         1692         2574 
       325.97002       -1.5023711        15.755770        15.264760        15.099570         1694         2574 
       326.03423       -1.4342975        14.758830        14.128460        14.042420         1695         2574 
       326.11725       -1.3714993        13.268630        12.729680        12.652650         1696         2574 
       326.10279       -1.3919574        15.017560        14.045920        13.515440         1697         2574 
       326.06571       -1.4557310        15.929110        15.377360        15.253510         1701         2574 
       326.08446       -1.4325480        15.151420        14.476530        14.434770         1702         2574 
       325.97882       -1.5881550        16.236890        15.298050        15.107330         1706         2574 
       326.12913       -1.4036914        16.122710        14.639420        15.167770         1707         2574 
       326.04655       -1.5331733        15.803510        15.208410        14.979000         1710         2574 
       326.02215       -1.5697780        15.507270        15.184780        14.906160         1711         2574 
       326.02270       -1.5807911        16.468540        15.454550        14.687650         1715         2574 
       326.07626       -1.5573074        16.399250        15.668760        15.114650         1722         2574 
       326.12763       -1.5017667        14.736760        14.832410        13.782920         1723         2574 
       326.10904       -1.5263077        15.627470        14.599100        14.323400         1724         2574 
       325.94196       -1.1409376        15.885830        15.127330        14.863550         2575         2574 
       295.89896       0.83174786        15.256770        14.479150        14.006030         2678         2707 
       295.96908       0.86277847        15.895470        15.147010        14.877270         2683         2707 
       295.99304       0.91313937        15.687830        15.271210        15.339290         2685         2707 
       296.01396       0.88101178        16.116700        15.568580        15.153380         2689         2707 
       296.09386       0.86923825        15.605210        15.201970        14.843900         2694         2707 
       296.12266       0.85726580        14.635070        14.536380        14.639580         2697         2707 
       296.13536       0.86567449        13.977140        13.292500        12.910730         2698         2707 
       296.15185       0.87966810        14.325130        13.706320        13.339570         2700         2707 
       296.14838       0.91790334        15.226920        14.519620        14.052630         2701         2707 
       296.15467       0.89467704        15.650860        15.399220        15.319730         2702         2707 
       296.22041       0.90071702        15.934390        14.931690        14.724960         2707         2707 
       296.27629       0.86817872        14.235140        13.518820        13.332000         2708         2707 
       306.37174       0.96754145        14.341070        13.689970        13.776860         2978         2991 
       306.39895        1.0722691        15.234310        14.265100        14.065210         2979         2991 
       306.41394        1.0757618        14.662320        14.021070        14.012800         2980         2991 
       306.42720        1.0421626        15.640970        14.853390        14.568030         2982         2991 
       306.42539       0.99627909        15.682270        14.825710        14.324830         2983         2991 
       306.45546        1.0159391        15.993720        15.132120        14.613900         2984         2991 
       306.45876        1.0060934        15.780050        14.444790        14.503190         2985         2991 
       306.47297        1.1138535        15.080280        14.525030        14.277810         2986         2991 
       306.54982        1.1272861        15.494660        14.624410        14.424370         2988         2991 
       306.55668        1.1013351        15.290760        14.862270        14.312290         2989         2991 
       306.58175        1.0271566        14.054870        13.675580        13.692620         2990         2991 
       306.61252        1.1201564        15.495910        14.657110        14.338360         2991         2991 
       306.63679        1.1185667        14.458120        12.653220        12.579170         2992         2991 
       294.94525        1.0811733        14.532570        13.714550        13.463120         2633         3270 
       294.99601        1.0585562        15.004040        13.996930        13.545100         2635         3270 
       295.02826        1.0019152        15.584340        14.841440        14.464480         2636         3270 
       295.06129        1.0743603        15.598960        15.094110        14.741290         2640         3270 
       295.09782        1.0426886        13.876580        13.198240        12.822830         2642         3270 
       295.12865        1.1090468        16.836810        16.365080        14.942560         2646         3270 
       294.90011        1.1393822        15.602170        14.766930        14.333380         3249         3270 
       294.91882        1.1522494        15.776450        15.237270        14.981090         3250         3270 
       294.96660        1.0426213        15.282920        14.329380        14.255240         3252         3270 
       295.00210        1.0817435        14.071720        13.456280        13.268630         3256         3270 
       295.14897        1.1382239        15.403040        14.755490        14.462600         3271         3270 
       294.92593        2.1199162        16.029180        14.982840        14.526190         3273         3292 
       294.96471        2.0733600        17.481530        16.019490        15.491250         3276         3292 
       294.96641        2.1311257        15.852070        14.962560        14.503620         3277         3292 
       295.03011        2.0412522        16.899910        15.874370        15.177400         3281         3292 
       295.06023        2.0430654        15.284860        14.493050        14.227290         3286         3292 
       295.03729        2.1354948        16.435100        16.284320        15.276490         3287         3292 
       295.03260        2.1805257        16.576750        15.362630        14.887820         3288         3292 
       295.05751        2.0979157        17.130710        16.118540        15.335680         3289         3292 
       295.06108        2.1041857        16.243440        15.190360        14.729780         3290         3292 
       295.06075        2.1072060        15.503830        14.535150        14.015600         3291         3292 
       295.06336        2.1455797        15.602200        15.054680        14.725410         3293         3292 
       295.46280        1.0892313        15.713780        14.864740        14.012350         2656         3329 
       295.47999        1.0314192        15.094790        14.746270        14.357800         2657         3329 
       295.53956        1.0587710        15.366780        15.232080        14.923540         2659         3329 
       295.56349        1.0863003        15.922530        15.984080        14.844660         2660         3329 
       295.64511        1.0567369        15.100830        14.677210        14.731610         2663         3329 
       295.71252        1.0823083        15.993130        15.938670        15.160910         2669         3329 
       295.75562        1.0938006        15.574390        14.862250        14.503080         2672         3329 
       295.48980        1.1174905        17.511620        16.360510        15.472180         3304         3329 
       295.49923        1.1391046        16.390750        15.409490        14.756520         3305         3329 
       295.58610        1.2274858        16.469760        15.783680        15.309230         3317         3329 
       295.62739        1.1000024        15.776700        15.030990        14.648390         3318         3329 
       295.64468        1.0523276        16.574330        15.674290        14.992850         3319         3329 
       295.64049        1.1692095        16.489500        15.732610        15.261790         3321         3329 
       295.74738        1.1271082        16.316490        15.538980        15.318370         3330         3329 
       296.15621        1.7709136        16.730090        15.904810        15.358910         3372         3388 
       296.16646        1.8853738        15.765550        14.753380        14.576810         3373         3388 
       296.16838        1.9278871        14.913690        13.937650        13.533080         3374         3388 
       296.20318        1.7202713        15.448290        14.835480        14.812790         3382         3388 
       296.20579        1.7256029        14.756830        13.941470        13.809590         3383         3388 
       296.19447        1.9868967        14.104780        13.588810        13.541320         3384         3388 
       296.24609        1.7789130        15.301800        14.351170        14.068760         3385         3388 
       296.20791        1.9587074        16.251450        15.154950        15.079100         3386         3388 
       296.23818        1.8419352        13.974900        12.631130        12.291260         3387         3388 
       296.20826        2.0074749        17.036000        15.839660        15.195890         3388         3388 
       296.23333        1.8988623        15.957870        15.457570        15.237370         3389         3388 
       297.87236        1.0650349        15.951960        15.345430        15.012910         2755         3474 
       297.91096        1.1291593        16.440660        15.694850        15.212000         2759         3474 
       297.92949        1.0602227        16.150090        15.524360        15.108380         2761         3474 
       298.02802        1.0602323        14.853100        15.042210        14.482900         2767         3474 
       298.11925       0.86296157        16.020450        15.220960        14.864570         2769         3474 
       298.12016       0.90175560        16.715450        15.039490        14.712810         2770         3474 
       298.11308       0.98309195        15.200650        14.539720        14.099770         2771         3474 
       298.12919       0.95499693        16.675780        15.619920        15.185650         2772         3474 
       297.89832        1.1124431        15.246990        14.359240        13.969420         3466         3474 
       297.92646        1.2105134        15.857600        15.319870        15.212150         3471         3474 
       297.96237        1.0320982        16.475360        16.083170        15.281190         3472         3474 
       298.05331        1.0268627        14.699950        14.057200        13.839460         3475         3474 
       299.19357        1.1071254        17.152660        16.144750        15.568310         2817         3573 
       299.20069        1.0698746        15.506320        15.225600        15.299270         2818         3573 
       299.04041        1.3099284        14.024150        13.226260        12.981220         3548         3573 
       299.12682        1.2509319        15.252570        14.815930        14.849230         3560         3573 
       299.12173        1.2990304        16.334370        15.721190        15.327790         3561         3573 
       299.14477        1.2844729        15.971160        15.399570        15.411180         3563         3573 
       299.17189        1.2535150        16.269030        15.777500        15.698980         3566         3573 
       299.19589        1.1716264        17.354840        15.863270        15.386370         3568         3573 
       299.19643        1.1970896        14.847800        13.970560        13.663700         3569         3573 
       299.20834        1.1914310        15.389440        14.681030        14.218730         3571         3573 
       299.23515        1.1203454        14.538160        14.144220        14.111210         3574         3573 
       298.87691        2.1060696        16.674020        16.148400        15.450520         3543         3576 
       298.91653        2.0264551        15.546740        14.854500        14.674040         3544         3576 
       298.93138        2.0326242        15.827180        14.583030        14.238590         3545         3576 
       298.93067        2.0564861        16.606410        15.689790        15.110040         3546         3576 
       298.93624        2.1263262        14.391280        13.558290        13.300820         3547         3576 
       298.93995        2.1533669        16.078750        15.260310        14.583470         3550         3576 
       298.95679        2.0233807        14.953760        14.228160        13.836400         3551         3576 
       298.93652        2.2066790        14.249590        13.347970        12.816690         3552         3576 
       298.95099        2.0988815        16.059970        15.423340        15.035050         3553         3576 
       298.95205        2.1010009        15.921890        14.756540        14.326080         3554         3576 
       299.01364        2.2086607        15.324890        14.313670        14.096660         3555         3576 
       299.05178        2.0101410        15.486850        14.813730        14.305460         3556         3576 
       299.06257        2.1691435        16.883100        16.298260        15.405770         3558         3576 
       299.06948        2.1393430        17.261080        16.458010        15.554000         3559         3576 
       299.07837        2.0754688        15.810840        15.683460        15.453510         3567         3576 
       299.15874        2.0899056        16.512270        15.703490        15.301220         3577         3576 
       300.37667        1.9393606        15.791390        15.088410        14.551810         3682         3730 
       300.38790        1.8425028        14.869760        14.052600        13.653830         3683         3730 
       300.40644        1.8419318        13.792750        13.239280        13.036140         3685         3730 
       300.40276        1.9477797        16.566700        15.687690        15.197330         3687         3730 
       300.41684        1.8568568        15.665040        14.909600        14.658040         3688         3730 
       300.42315        1.8765662        16.103730        15.387190        14.885930         3689         3730 
       300.44751        1.8153940        14.975950        14.370500        14.048940         3690         3730 
       300.46181        1.8516696        15.194860        14.676030        14.432310         3692         3730 
       300.47953        1.7001243        13.796530        12.909060        12.700440         3693         3730 
       300.48247        1.8438490        15.602180        14.560230        14.297840         3694         3730 
       300.55424        1.8235843        16.212040        14.357200        14.661710         3697         3730 
       300.55070        1.7426891        15.546600        14.547050        14.384500         3699         3730 
       300.57456        1.7304263        16.532260        15.767760        15.375710         3700         3730 
       300.57454        1.7663676        13.556630        12.737390        12.466030         3701         3730 
       300.58110        1.7698421        15.857100        15.248620        15.074610         3702         3730 
       300.61331        1.7674739        15.173750        14.885170        14.552950         3707         3730 
       300.63743        1.8249722        13.595640        12.871390        12.469090         3712         3730 
       300.67114        1.8514868        15.867700        15.007500        14.293670         3717         3730 
       300.67526        1.9593542        16.312780        15.569490        15.188100         3718         3730 
       300.70576        1.9088940        15.817440        15.322400        14.898060         3721         3730 
       300.73760        1.8275682        15.866510        15.328050        14.940400         3723         3730 
       300.77512        1.8052759        15.612540        14.802060        14.406690         3727         3730 
       300.78420        1.8319143        17.110940        15.693760        15.293460         3729         3730 
       300.82459        1.7597886        15.890230        15.361590        15.350350         3731         3730 
       304.73217        1.1192266        15.816220        15.784200        14.440610         2913         3932 
       304.74290        1.0953503        15.820830        15.074210        14.283030         2915         3932 
       304.79198        1.0741379        15.784970        14.988510        14.655390         2916         3932 
       304.83702        1.1149471        16.158600        14.794020        14.616760         2918         3932 
       304.90847        1.1187335        15.092310        14.740410        14.752730         2919         3932 
       304.90705        1.0872694        15.666750        15.109400        14.486090         2920         3932 
       304.91812        1.0854975        15.582080        14.699490        15.036030         2921         3932 
       304.94584        1.0826942        16.486780        15.569070        14.792990         2922         3932 
       304.94218       0.99198800        15.807910        15.145330        15.176660         2923         3932 
       305.00196        1.0594149        15.356730        15.077520        14.876340         2924         3932 
       305.04623        1.0824526        14.785660        13.909950        13.538300         2925         3932 
       304.91875        1.3874111        16.138040        15.089840        14.952070         3903         3932 
       304.91948        1.3454966        16.464480        15.730800        14.948210         3904         3932 
       304.94316        1.4386067        15.545460        14.958790        14.975940         3910         3932 
       304.94427        1.1632127        15.208630        14.571740        14.515360         3911         3932 
       304.96850        1.2510437        15.510820        15.029190        14.959400         3914         3932 
       304.96688        1.1748025        14.243340        13.716640        13.617750         3915         3932 
       304.97050        1.1740604        16.162660        15.309970        15.108980         3916         3932 
       304.98622        1.3997346        14.947900        14.207940        14.176930         3917         3932 
       304.97281        1.1531192        16.194140        15.272250        15.080960         3919         3932 
       304.97992        1.2582291        16.599920        15.650870        15.027110         3920         3932 
       304.98443        1.3230733        15.416000        14.960250        14.923660         3921         3932 
       304.97443        1.0448087        13.265150        12.874310        12.928730         3922         3932 
       304.98339        1.1399119        16.330150        15.290000        14.515020         3923         3932 
       304.99610        1.2776591        16.166500        15.539070        15.181500         3924         3932 
       304.99588        1.2114939        14.799080        14.289510        14.328850         3925         3932 
       304.99456        1.1602867        15.002440        14.210160        13.962950         3926         3932 
       305.02061        1.3331503        15.491090        13.490860        13.412370         3928         3932 
       305.00817        1.0509028        15.758080        15.253510        14.905350         3929         3932 
       305.02384        1.2537771        14.249620        13.335760        13.313010         3930         3932 
       305.03999        1.0749567        16.246500        15.232400        14.981340         3933         3932 
       305.24480        1.0616932        15.616230        14.377730        14.018620         2931         3976 
       305.26565        1.1274882        15.590370        14.970750        14.837920         2932         3976 
       305.32171        1.1172773        14.870980        14.021470        13.358940         2933         3976 
       305.33521       0.91430689        15.462880        14.343730        14.213410         2934         3976 
       305.33565       0.90429069        16.086600        15.286320        15.135920         2935         3976 
       305.34029       0.93997543        15.541740        14.811140        14.008840         2936         3976 
       305.33465       0.84598707        15.101890        14.432520        14.279370         2937         3976 
       305.35337        1.0676003        16.196490        15.519290        15.262090         2938         3976 
       305.34991       0.98589733        14.908020        14.053680        13.657140         2939         3976 
       305.34895       0.92256303        15.873430        14.969840        14.460460         2940         3976 
       305.33905       0.77964719        15.236040        14.814830        14.629240         2941         3976 
       305.34606       0.81476097        16.006200        15.042680        14.940810         2942         3976 
       305.35212       0.82039445        16.179380        15.513000        15.347030         2943         3976 
       305.39265       0.97458613        15.529470        15.276060        14.565210         2944         3976 
       305.41502        1.1002569        14.615210        13.758640        13.573490         2945         3976 
       305.39043       0.74406644        15.801160        14.736140        14.523370         2946         3976 
       305.41638       0.88022250        14.641910        14.281430        14.052380         2947         3976 
       305.43028       0.95901834        16.038670        15.326660        15.069460         2948         3976 
       305.41750       0.76088842        14.725080        13.424030        13.430840         2949         3976 
       305.48897       0.79813080        15.955850        15.024850        14.759520         2952         3976 
       305.49424       0.72101709        15.536570        14.678720        14.603280         2954         3976 
       305.24814        1.1797693        16.129710        15.203940        14.962670         3952         3976 
       305.29575        1.1492313        14.807150        14.075680        13.689400         3958         3976 
       305.30368        1.1749556        15.605390        14.680470        14.552980         3959         3976 
       305.30211        1.1225294        15.534180        14.744330        14.667750         3960         3976 
       305.31663        1.0754470        16.125240        15.291490        15.029680         3961         3976 
       305.33730        1.3023855        13.791970        13.216830        13.188460         3962         3976 
       305.34491        1.2354329        15.454580        14.907490        14.530960         3965         3976 
       305.33829        1.0287018        16.060410        15.119370        14.755540         3967         3976 
       305.35123        1.1202952        16.036380        15.293390        14.990500         3968         3976 
       305.36329        1.1908522        14.716580        14.115980        13.911610         3969         3976 
       305.36846        1.0334804        15.537390        14.826110        14.800390         3971         3976 
       305.46402        1.1219816        15.328970        14.444130        14.510660         3976         3976 
       305.47419        1.1170111        13.828670        13.433280        13.512740         3977         3976 
       305.70066        1.9431367        15.800140        14.658130        14.161680         3986         4009 
       305.75840        1.9243411        16.264490        15.130380        15.020610         3990         4009 
       305.75873        1.8497781        15.098380        14.071240        13.814730         3991         4009 
       305.77112        1.9475093        15.071860        14.332120        14.214810         3993         4009 
       305.79015        2.0652515        15.632220        15.157280        14.911460         3994         4009 
       305.80134        2.1632513        15.587480        15.128590        14.996320         3995         4009 
       305.79983        2.1452338        15.171640        14.220130        13.825860         3996         4009 
       305.80168        2.1474349        15.364690        14.484840        13.925240         3997         4009 
       305.80588        2.0987921        15.304680        14.793810        14.502570         3998         4009 
       305.80682        2.1032854        15.864980        14.954040        14.487500         3999         4009 
       305.80052        1.9982529        15.717800        15.024920        15.002820         4000         4009 
       305.80283        1.8752572        14.613070        14.533640        14.371020         4001         4009 
       305.82802        2.0992730        15.765810        14.939860        14.282350         4002         4009 
       305.83887        2.1406727        15.214960        14.422640        14.055920         4003         4009 
       305.86571        2.1192122        15.861080        15.334160        15.128020         4007         4009 
       305.87833        2.0206491        15.834830        14.857370        14.640180         4009         4009 
       305.93933        2.1484905        16.082890        15.067070        14.371750         4010         4009 
       307.36340        1.0635152        15.418330        14.508070        14.312260         2999         4103 
       307.39369        1.0880164        16.003100        15.082150        14.309250         3002         4103 
       307.43569        1.0771466        14.917150        14.195110        14.373350         3003         4103 
       307.45156        1.0508966        15.958070        15.015240        14.853890         3005         4103 
       307.45898        1.0684866        15.230100        15.006360        14.755950         3006         4103 
       307.53947        1.0477446        14.684770        14.017350        14.214910         3009         4103 
       307.36120        1.1312855        12.710750        12.343470        12.437020         4088         4103 
       307.40641        1.1067498        16.108820        15.111480        14.036000         4094         4103 
       307.45584        1.1754859        15.112690        14.404450        14.116330         4095         4103 
       307.47603        1.2536623        15.877620        14.780700        14.735550         4096         4103 
       307.48280        1.1519089        15.458020        14.052070        14.037250         4097         4103 
       307.48574        1.1482056        15.296320        14.757710        14.686680         4098         4103 
       307.50354        1.1435944        14.709230        13.899460        13.811100         4101         4103 
       307.52048        1.1168326        13.211170        13.327390        13.119000         4104         4103 
       315.94557        2.1864072        14.972180        14.307450        13.977550         4492         4515 
       315.94661        2.1598120        14.328500        13.597130        13.451530         4494         4515 
       315.94498        2.1493270        15.522790        15.010780        14.759000         4495         4515 
       315.98866        2.1944424        15.963320        15.161120        14.978650         4498         4515 
       315.91363        1.9596930        15.097590        14.240350        13.840330         4501         4515 
       316.01728        2.1617329        14.368060        13.442210        13.310250         4503         4515 
       316.00568        2.1092875        16.333870        15.509290        15.055490         4504         4515 
       315.94376        1.9517717        16.224590        15.333730        14.689730         4505         4515 
       315.98908        2.0022264        16.766600        15.600060        15.053460         4506         4515 
       316.01351        1.9714728        13.755430        13.210400        12.966500         4510         4515 
       316.03913        2.0290426        15.011350        14.278290        14.132530         4511         4515 
       316.06401        2.0635703        16.122660        15.273880        15.019190         4512         4515 
       316.02266        1.8969585        14.077400        13.186690        13.183060         4516         4515 
       317.31224        2.0887814        16.201530        15.385930        15.057950         4595         4615 
       317.32625        2.0528223        13.668640        13.076640        12.916750         4596         4615 
       317.31204        2.0194927        14.768350        13.985890        13.741050         4597         4615 
       317.31826        2.0324273        13.761760        12.959090        12.702950         4598         4615 
       317.28227        1.9401171        15.096240        14.221010        13.699590         4601         4615 
       317.32535        2.0126070        14.901600        14.171730        14.071760         4603         4615 
       317.33645        2.0232349        15.382570        14.520630        14.265930         4604         4615 
       317.33222        1.9710819        15.118910        14.597590        14.289790         4606         4615 
       317.35830        1.9991326        15.101440        13.851810        13.600340         4607         4615 
       317.37282        2.0255757        15.322380        14.856970        14.551770         4608         4615 
       317.36176        1.9535343        15.405910        15.387300        14.456630         4609         4615 
       317.43293        2.0127168        13.177060        12.561900        12.292040         4612         4615 
       317.45723        2.0244441        14.896460        14.147750        13.881200         4616         4615 
       319.42063        1.4691701        15.340700        14.094900        13.962470         4722         4747 
       319.43352        1.4476021        14.850940        13.835080        13.515960         4723         4747 
       319.47823        1.5109728        15.670900        15.057730        14.634120         4724         4747 
       319.42513        1.4052950        16.384310        15.135350        14.479410         4725         4747 
       319.43468        1.3614019        16.939370        15.637680        14.989270         4726         4747 
       319.48919        1.4564841        15.411500        14.764830        14.490570         4728         4747 
       319.48491        1.4371034        13.732540        12.767550        12.214440         4729         4747 
       319.53737        1.4647791        15.642540        14.946430        14.741260         4741         4747 
       319.57924        1.4147211        15.016590        14.236550        13.697410         4743         4747 
       319.68058        1.4403283        16.541000        15.795840        14.966340         4745         4747 
       319.65701        1.3879843        16.587560        15.508650        14.863400         4746         4747 
       319.69321        1.4311563        15.309960        14.276820        13.610310         4747         4747 
       319.69138        1.4015345        16.142760        14.169300        13.725390         4748         4747 
